7.680000000000000000e+02
1.056000000000000000e+03
3.200000000000000000e+02
2.080000000000000000e+02
1.072000000000000000e+03
1.072000000000000000e+03
3.520000000000000000e+02
5.120000000000000000e+02
2.080000000000000000e+02
1.024000000000000000e+03
3.040000000000000000e+02
5.440000000000000000e+02
4.160000000000000000e+02
4.960000000000000000e+02
6.080000000000000000e+02
4.000000000000000000e+02
9.120000000000000000e+02
6.080000000000000000e+02
7.360000000000000000e+02
1.024000000000000000e+03
5.440000000000000000e+02
7.840000000000000000e+02
8.160000000000000000e+02
1.024000000000000000e+03
7.360000000000000000e+02
4.640000000000000000e+02
3.680000000000000000e+02
4.960000000000000000e+02
4.480000000000000000e+02
3.200000000000000000e+02
1.328000000000000000e+03
6.240000000000000000e+02
8.000000000000000000e+02
3.040000000000000000e+02
9.120000000000000000e+02
8.000000000000000000e+02
4.960000000000000000e+02
1.120000000000000000e+03
2.240000000000000000e+02
7.360000000000000000e+02
1.056000000000000000e+03
2.560000000000000000e+02
2.560000000000000000e+02
7.200000000000000000e+02
4.640000000000000000e+02
7.040000000000000000e+02
1.312000000000000000e+03
3.200000000000000000e+02
1.040000000000000000e+03
1.088000000000000000e+03
7.360000000000000000e+02
1.760000000000000000e+03
8.800000000000000000e+02
1.184000000000000000e+03
5.600000000000000000e+02
7.840000000000000000e+02
5.760000000000000000e+02
7.360000000000000000e+02
1.072000000000000000e+03
5.440000000000000000e+02
5.280000000000000000e+02
4.640000000000000000e+02
7.680000000000000000e+02
8.000000000000000000e+02
4.480000000000000000e+02
3.520000000000000000e+02
1.024000000000000000e+03
8.000000000000000000e+02
6.080000000000000000e+02
8.320000000000000000e+02
6.400000000000000000e+02
7.520000000000000000e+02
1.072000000000000000e+03
3.200000000000000000e+02
6.080000000000000000e+02
7.520000000000000000e+02
7.520000000000000000e+02
4.640000000000000000e+02
7.520000000000000000e+02
1.072000000000000000e+03
3.520000000000000000e+02
9.760000000000000000e+02
1.600000000000000000e+03
7.840000000000000000e+02
